              precision    recall  f1-score   support

           0     1.0000    1.0000    1.0000       447
           1     0.9587    0.9735    0.9660       453
           2     0.9400    0.9734    0.9564       451
           3     0.9485    0.9850    0.9664       467
           4     0.9441    0.9724    0.9580       434
           5     0.9319    0.9566    0.9441       415
           6     0.9655    0.9655    0.9655        58
           7     0.9640    0.9891    0.9764       460
           8     0.9950    0.9877    0.9914       407
           9     0.9517    0.9303    0.9409       445
          10     0.9384    0.9693    0.9536       424
          11     0.9474    0.9362    0.9417       423
          12     0.9189    0.9779    0.9475       452
          13     0.9279    0.9196    0.9238       448
          14     0.9337    0.9616    0.9475       469
          15     0.9387    0.9149    0.9267       435
          16     0.9378    0.9701    0.9537       435
          17     0.9621    0.9251    0.9432       467
          18     0.9621    0.9333    0.9475       435
          19     0.9323    0.9531    0.9426       448
          20     0.9344    0.9516    0.9429       434
          21     0.9551    0.9411    0.9480       475
          22     0.9353    0.9214    0.9283       471
          23     0.9712    0.9529    0.9620       956
          24     0.9249    0.9501    0.9374       441
          25     0.9419    0.9671    0.9543       486
          26     0.9396    0.9435    0.9415       478
          27     0.9854    0.9713    0.9783       487
          28     0.9263    0.8980    0.9119       392
          29     0.9800    0.9714    0.9757       455
          30     0.9199    0.9512    0.9353       471
          31     0.9253    0.9121    0.9187       421
          32     0.9446    0.9322    0.9383       457
          33     0.9501    0.9182    0.9339       477
          34     0.9528    0.8908    0.9207       476
          35     0.9480    0.9229    0.9353       454
          36     0.9808    0.9203    0.9496       389
          37     0.9523    0.9614    0.9568       415

    accuracy                         0.9491     17108
   macro avg     0.9491    0.9493    0.9490     17108
weighted avg     0.9494    0.9491    0.9491     17108
